tree
version=v4
num_class=1
num_tree_per_iteration=1
label_index=0
max_feature_idx=41
objective=lambdarank
feature_names=region city v_pub_datetime v_total_comments v_year_views v_month_views v_week_views v_day_views v_likes v_dislikes v_duration v_cr_click_like_7_days v_cr_click_dislike_7_days v_cr_click_vtop_7_days v_cr_click_long_view_7_days v_cr_click_comment_7_days v_cr_click_like_30_days v_cr_click_dislike_30_days v_cr_click_vtop_30_days v_cr_click_long_view_30_days v_cr_click_comment_30_days v_cr_click_like_1_days v_cr_click_dislike_1_days v_cr_click_vtop_1_days v_cr_click_long_view_1_days v_cr_click_comment_1_days v_is_hidden v_is_deleted v_avg_watchtime_1_day v_avg_watchtime_7_day v_avg_watchtime_30_day v_frac_avg_watchtime_1_day_duration v_frac_avg_watchtime_7_day_duration v_frac_avg_watchtime_30_day_duration v_category_popularity_percent_7_days v_category_popularity_percent_30_days v_long_views_1_days v_long_views_7_days v_long_views_30_days row_number category_id author_id
feature_infos=[0:180] [2:433] [0:1723291753000] [0:1072279] [101:175280394] [2:5261740] [0:2115690] [0:240598] [0:9341] [0:770] [0:42608.012000000002] [0:33.333333333333336] [0:11.111111111111111] [0:24.961240310077521] [0:100] [0:5] [0:33.333333333333336] [0:4.166666666666667] [0:32.444365948428114] [0:100] [0:10] [0:16.666666666666668] [0:0.27397260273972601] [0:7.1428571428571432] [0:100] [0:7.1428571428571432] none none [-1:188122.31818181818] [-1:198707.29006677796] [-0.5:72405.485179407173] [-0.27186225645672862:inf] [-0.18292682926829268:inf] [-0.18292682926829268:inf] [0.030027284126669378:99.599747113541085] [0.029942711435170383:99.547295851545499] [0:59170] [0:1074069] [0:2019733] none [0:39] [0:5354]
tree_sizes=3408 3394 3401 3397 3403 3411

Tree=0
num_leaves=31
num_cat=0
split_feature=32 10 19 32 10 29 32 18 38 41 14 2 38 41 5 34 16 13 30 4 32 38 8 3 14 14 19 10 0 35
split_gain=57.5456 15.3568 12.6017 9.12518 8.47834 6.84444 5.68606 5.29981 4.09003 3.87275 4.08407 4.31016 3.57777 4.41926 3.45729 3.45026 3.2053 4.23486 3.29557 4.03948 3.22665 3.18208 3.09242 2.99795 2.9062 2.85167 2.96537 3.01608 3.67866 2.8567
threshold=0.36544215189762025 1.0000000180025095e-35 65.567139394491761 0.14056739952093908 10.708000000000002 70.368190127970763 0.66419952020045148 0.24458178456939447 47.500000000000007 4287.0000000000009 37.515820022693553 1693663908500.0002 394.50000000000006 2503.5000000000005 175.50000000000003 5.699035501407506 0.27156853472188808 0.040461458721126504 1391.6419826722001 6367.5000000000009 0.57613281748961442 6444.5000000000009 151.50000000000003 12.500000000000002 9.7765422766787982 0.033532099262332055 7.9718749656408407 104.78050000000002 158.50000000000003 5.7212669572790267
decision_type=2 2 2 2 2 2 2 2 2 2 2 2 2 2 2 2 2 2 2 2 2 2 2 2 2 2 2 2 2 2
left_child=3 -2 4 14 7 8 -4 24 -6 10 11 -7 -10 -14 -1 -11 17 18 -12 -20 22 -16 -18 -13 -3 -5 -27 -28 -29 -30
right_child=1 2 6 25 5 9 -8 -9 12 15 16 23 13 -15 21 -17 20 -19 19 -21 -22 -23 -24 -25 -26 26 27 28 29 -31
leaf_value=0.018725457079188237 -0.20000000000000001 0.12095093024860809 -0.027631032002247452 -0.052333046876942894 -0.012827181998669238 0.12198487477298943 -0.081654530098620504 -0.1946403632031708 -0.10975021462868971 -0.086889084694974306 0.011997210198649411 -0.032459805977033497 -0.13550581783276971 0.023675701656651789 0.12808698154369677 -0.0076557406000480879 -0.069266449066291244 0.063134498246893933 0.089617002424766209 -0.045146239862486615 0.032603577916113777 0.032682863038491911 0.021953854246635599 0.14776592947293446 -0.1368805668758909 0.086403075849486588 -0.0031425064134345902 0.06061958115853993 -0.036051169045558766 0.041700970421214366
leaf_weight=4.4043479948304585 4.9455038043670347 7.9349909523152711 36.771064177155495 3.2498127643484613 16.037354268191848 5.636219314998014 41.437689607395441 0.62702816724777299 14.009217635612005 9.7897405923577043 53.810976176406257 4.9973016335861757 2.5413045671302807 5.5595066964160651 23.786282204324383 12.530195246683432 17.50595335057006 11.445282912813125 2.4668524990556788 22.616000889334828 6.0252926787361494 4.0984245804138473 4.7179068576078853 1.1320647662505505 0.46266314294189204 13.465590741892809 16.021600759922876 46.107635201769881 8.2182883378118294 11.118334242841227
leaf_count=111 229 460 874 78 737 64 1428 5 531 298 1247 217 64 137 944 282 460 193 53 386 139 125 90 18 13 820 776 901 196 211
internal_value=0 -0.0253306 -0.022224 0.0549441 -0.00890625 -0.0133856 -0.0562545 0.0858058 -0.0512739 -0.00391869 0.00267171 0.0588668 -0.079161 -0.0262611 0.10106 -0.0424083 -0.00290361 0.00628984 -0.00195673 -0.0318925 -0.0323037 0.114065 -0.0499013 0.000827029 0.106746 0.0397779 0.0429311 0.0357456 0.0452659 0.00865541
internal_weight=0 283 278.055 130.47 199.846 190.821 78.2088 9.02468 38.1474 152.674 130.354 11.7656 22.11 8.10081 32.2891 22.3199 118.588 90.3391 78.8938 25.0829 28.2492 27.8847 22.2239 6.12937 8.39765 98.1813 94.9314 81.4659 65.4443 19.3366
internal_count=12087 7925 7696 4162 5394 4916 2302 478 1469 3447 2867 299 732 201 1180 580 2568 1879 1686 439 689 1069 550 235 473 2982 2904 2084 1308 407
is_linear=0
shrinkage=0.1


Tree=1
num_leaves=31
num_cat=0
split_feature=32 33 30 10 29 10 38 31 4 19 6 3 3 19 33 35 35 12 41 0 14 24 1 30 1 1 16 36 7 16
split_gain=94.9929 39.0306 23.2523 18.9019 16.8266 17.1324 12.7069 12.2801 12.4068 11.773 12.5574 10.987 10.263 11.3392 11.2834 10.1065 9.97317 10.39 9.80837 9.60867 9.56209 19.4033 9.33994 9.00399 9.62559 8.96004 8.75161 10.2122 11.2392 11.9122
threshold=0.15566278574009931 0.45189125382557016 2.5698663036992113 1.0000000180025095e-35 414.12376046981808 10.708000000000002 3.5000000000000004 0.0029325010882709718 1739.0000000000002 39.196885149767603 44266.000000000007 4789.5000000000009 55.500000000000007 53.434780264789389 0.53840462887309504 1.0308573503439447 1.2571862108180476 0.076028602893352795 278.00000000000006 172.50000000000003 53.848542761586252 38.182326026814223 146.00000000000003 61.243962806047342 134.50000000000003 146.00000000000003 0.12734799125876253 58.000000000000007 63.500000000000007 0.14273291395293561
decision_type=2 2 2 2 2 2 2 2 2 2 2 2 2 2 2 2 2 2 2 2 2 2 2 2 2 2 2 2 2 2
left_child=2 6 -1 -3 5 25 -2 -4 18 -6 12 20 13 19 -14 -7 22 -18 -9 -11 21 26 -17 -22 -25 -5 -8 28 -28 -30
right_child=1 3 7 4 9 15 11 8 -10 10 -12 -13 14 -15 -16 16 17 -19 -20 -21 23 -23 -24 24 -26 -27 27 -29 29 -31
leaf_value=0.1802372852547629 -0.097581574681824018 -0.17848510692181274 -0.0081998358594266071 -0.024017897458531688 0.14155370133654901 -0.11230396222419579 0.024204743620348981 -0.067303368602244174 0.045827856237131426 -0.11017963987685758 -0.10409447002657123 0.1917631291057183 0.11005407138318615 -0.0076166209219560707 -0.083108677018402188 -0.073405062962779821 -0.06064061738440283 0.092419655195214848 0.11982125454843245 0.039526529175488115 0.09882159169215976 0.10315086622106891 0.048078219615507657 0.030733145879816078 -0.11150536419500168 0.097151214748485801 -0.047130710122697733 -0.17927887538177556 -0.069318638187158207 0.018263669924189395
leaf_weight=15.372409729287027 10.97425009543076 8.4792090989649278 28.460368929896504 13.070098038064318 4.922947507700882 27.462067533109803 190.38159543654183 2.999666581163182 117.23204840661492 19.934700209647421 14.81092399638146 3.3490599785000077 13.127441475167872 233.03831249452196 3.929221022874116 9.5253805973334256 169.1719383954769 4.5543520462233564 42.324331037292723 5.4619959071278563 3.6200504582375315 22.902928795083426 18.857650669990107 6.670487227849665 16.591023546643555 11.4482130172546 44.589194346044678 3.3173501789569846 17.298794379457831 151.8397407423472
leaf_count=98 82 229 176 242 46 697 1614 17 821 181 82 10 47 1721 32 123 2961 42 281 44 12 117 172 55 151 267 684 9 81 993
internal_value=0 -0.0124151 0.0619184 -0.0303189 -0.0280318 -0.0468974 0.00876386 0.0523965 0.0630057 -0.0117949 -0.0143954 0.0112979 -0.00957304 -0.0145316 0.0655566 -0.0553834 -0.0476492 -0.056628 0.107437 -0.0779828 0.00997596 0.0135904 0.00730828 -0.0478858 -0.0707169 0.032559 0.00855592 -0.00517049 -0.00246809 0.00930611
internal_weight=0 1029.33 206.389 557.794 549.315 254.09 471.534 191.016 162.556 295.226 290.303 460.56 275.492 258.435 17.0567 229.571 202.109 173.726 45.324 25.3967 457.211 430.33 28.383 26.8816 23.2615 24.5183 407.427 217.045 213.728 169.139
internal_count=12087 10694 1393 6886 6657 4504 3808 1295 1119 2153 2107 3726 2025 1946 79 3995 3298 3003 298 225 3716 3498 295 218 206 509 3381 1767 1758 1074
is_linear=0
shrinkage=0.1


Tree=2
num_leaves=31
num_cat=0
split_feature=32 33 30 3 10 29 28 3 33 5 38 19 14 24 41 2 32 32 34 37 8 11 0 5 4 41 30 20 6 3
split_gain=72.0537 29.5848 15.9041 14.7112 16.0041 14.3247 11.3844 10.5694 10.5752 9.45864 11.6206 8.93853 8.28545 8.15888 7.47649 10.8303 9.1463 7.77559 7.71265 9.63823 7.51751 10.4903 7.41753 9.3437 7.54505 7.39393 6.89451 6.78841 11.3939 15.1819
threshold=0.13624721114159255 0.55895319181889513 2.5698663036992113 14.500000000000002 10.708000000000002 414.12376046981808 1656.9151390644756 4209.0000000000009 0.55397596314818665 141.50000000000003 3811.5000000000005 4.0649499751689362 61.024136522879196 59.910714285714292 3878.5000000000005 1526704601000.0002 0.34892470284486998 0.57161854477241303 8.6540320967593889 11498.500000000002 4195.0000000000009 0.095710144077873108 99.500000000000014 5026.0000000000009 118572.00000000001 117.50000000000001 563.28000644107829 0.011710657922267468 4096.0000000000009 3.5000000000000004
decision_type=2 2 2 2 2 2 2 2 2 2 2 2 2 2 2 2 2 2 2 2 2 2 2 2 2 2 2 2 2 2
left_child=2 7 -1 4 11 -6 25 8 12 26 -11 -3 14 -14 15 -2 27 18 -18 -20 21 -16 23 -23 -24 -7 -4 -17 29 -29
right_child=1 3 9 -5 5 6 -8 -9 -10 10 -12 -13 13 -15 20 16 17 -19 19 -21 -22 22 24 -25 -26 -27 -28 28 -30 -31
leaf_value=0.15872814149683565 0.091812809725855649 0.12294779448779217 -0.071304092620919982 -0.1082742301249645 -0.056888671183177843 0.13889412017363142 -0.19985315602231379 0.14200336828375063 0.082257227873400104 0.079651993593519585 -0.0024589717900463481 -0.0060861133096202216 -0.084518270512842233 0.022793268533399996 0.00014219218638406871 0.0096051933704620306 -0.022465103692322342 0.08458598446683635 0.020397547197639775 -0.1050756338640117 0.15401407078891158 -0.066784552471150435 -0.10858357985024061 0.068823898198522387 0.077850535678365265 -0.008922300041739677 0.11732294383283576 0.084019121770308861 0.095707579585562252 -0.065619339839029053
leaf_weight=16.767551191151142 14.587743138894437 10.047003963671161 9.1061040982604009 25.36347773403395 142.38341911952011 3.492333846166729 3.0590561921708277 5.3512472286820403 15.623106896644456 89.604801024659537 21.340462202671915 11.52906263648765 22.139354862272739 10.419317624531685 74.204798363294685 157.02610899123829 180.07499285956146 8.9499540754477476 93.409242908353917 6.5514093823730937 2.4275254313834003 13.303309477283621 25.853076363389849 8.2207082975655776 2.3697330784052602 109.0854344337713 2.4615477919578543 12.767794443527238 27.630785679910332 14.45772216201294
leaf_count=92 77 258 88 394 3138 19 26 13 90 792 146 208 252 92 894 1386 1534 149 566 23 8 156 311 41 16 922 14 139 112 131
internal_value=0 -0.00938263 0.0673871 -0.0353513 -0.0287361 -0.0356545 -0.009509 0.00200615 0.000920439 0.0548858 0.0638578 0.0539992 -0.000963821 -0.0501768 0.00153263 0.00687679 0.00440303 -0.00716796 -0.0101004 0.012174 -0.0202643 -0.0236774 -0.059208 -0.0149914 -0.0929296 -0.00433681 -0.0311651 0.0201847 0.0504684 0.00455575
internal_weight=0 1000.33 139.28 304.96 279.596 258.02 115.637 695.368 690.017 122.513 110.945 21.5761 674.394 32.5587 641.835 515.456 500.868 288.986 280.036 99.9607 126.379 123.952 49.7468 21.524 28.2228 112.578 11.5677 211.882 54.8563 27.2255
internal_count=12087 10955 1132 4965 4571 4105 967 5990 5977 1040 938 466 5887 344 5543 4117 4040 2272 2123 589 1426 1418 524 197 327 941 102 1768 382 270
is_linear=0
shrinkage=0.1


Tree=3
num_leaves=31
num_cat=0
split_feature=32 14 31 19 10 10 10 34 19 2 4 32 2 12 32 21 3 16 4 35 32 31 29 29 4 32 7 17 14 29
split_gain=49.2799 20.5189 12.2697 10.8797 10.6694 13.5904 8.63434 8.43719 7.10685 7.57381 7.51557 6.55666 6.54939 5.34211 5.33502 5.17161 5.20415 5.11298 4.98257 7.475 8.48264 6.96933 6.61108 7.24616 7.12682 6.3792 6.36351 5.92809 5.76216 5.16665
threshold=0.14056739952093908 52.298424467099174 0.80193093970877172 1.6495815320661433 1.0000000180025095e-35 8.8580000000000023 59.76100000000001 0.9169251101583592 9.507827762433033 1704192790500.0002 376628.50000000006 0.03015532519100874 1687097009500.0002 0.076028602893352795 0.79528570087340678 0.046993028487625578 4789.5000000000009 0.3091134749349877 3278.0000000000005 1.5161305137834005 0.59217189618357791 0.71429926004056521 431.84153508942086 321.81835331205974 11846.000000000002 0.57365070124765771 101.50000000000001 0.0047418378724278292 59.68395121632593 833.51202473660112
decision_type=2 2 2 2 2 2 2 2 2 2 2 2 2 2 2 2 2 2 2 2 2 2 2 2 2 2 2 2 2 2
left_child=3 4 7 -1 -2 17 8 -3 10 -10 -7 -5 -4 -13 -14 16 -8 -6 19 21 25 -9 23 24 -20 -21 -22 -24 -29 -28
right_child=1 2 12 11 5 6 15 18 9 -11 -12 13 14 -15 -16 -17 -18 -19 22 20 26 -23 27 -25 -26 -27 29 28 -30 -31
leaf_value=0.10781309329438012 -0.15616489003632722 -0.099355153254960971 -0.14942187562789341 -0.026578191134122926 0.13552150764412677 -0.015572175525632784 0.0041000970906559754 0.010370882752220995 0.056841281616202 -0.097339125176713323 0.19682941939665372 0.043075122712230601 -0.001701391669238727 0.13330609603189955 -0.12770187347361098 0.076887241084260816 0.14122712774137255 0.015757506460259182 -0.097218952374311135 -0.0077790222662730965 -0.072084846684620604 0.13770235061904443 -0.0087227772138602118 -0.12926710903546382 -0.016143381906212291 0.0866853897394715 -0.020587549347655693 -0.12436745012759715 -0.0070192744331337518 0.17652328872752901
leaf_weight=31.550363162066787 4.1685900241136542 13.568062888924031 11.631502198055388 12.694978111889212 10.617936775670385 40.288097092299722 478.24852542195003 11.362839635927232 3.7496248856186893 21.198842522280756 1.7377456426620472 83.75566366687417 9.0441392874345166 7.1191939264535895 5.3471761406399301 10.189221930457277 2.7837141752243033 5.3662613068008786 15.030894783791153 23.023675559554249 26.015659119933844 6.9141194252297273 139.10837526246905 10.574891829281112 38.906065648887306 10.36794949043542 4.2882996946573249 9.278082300443204 7.6218106979504219 1.9275367632508276
leaf_count=253 133 187 326 122 281 1810 3546 139 44 1054 7 779 109 26 96 40 10 100 268 234 445 31 1038 223 514 51 70 77 70 4
internal_value=0 -0.00826245 -0.0276015 0.0564013 0.00324074 0.00439803 0.00179461 -0.0221989 -0.031888 -0.0741666 -0.00678949 0.0407397 -0.0936191 0.0501439 -0.0485176 0.00638698 0.00489365 0.095314 -0.01876 0.00198112 -0.0137713 0.05854 -0.0266513 -0.053577 -0.0387371 0.0215518 -0.0503658 -0.0155171 -0.0714437 0.0405367
internal_weight=0 922.36 344.011 135.12 578.349 574.18 558.196 317.988 66.9743 24.9485 42.0258 103.57 26.0228 90.8749 14.3913 491.221 481.032 15.9842 304.42 83.9001 65.6231 18.277 220.52 64.5119 53.937 33.3916 32.2315 156.008 16.8999 6.21584
internal_count=12087 10907 3882 1180 7025 6892 6511 3351 2915 1098 1817 927 531 805 205 3596 3556 381 3164 974 804 170 2190 1005 782 285 519 1185 147 74
is_linear=0
shrinkage=0.1


Tree=4
num_leaves=31
num_cat=0
split_feature=32 19 10 10 10 41 30 32 12 10 4 14 29 41 33 19 8 7 33 9 31 14 20 1 5 8 13 11 20 30
split_gain=39.789 17.6639 10.4437 10.1655 15.2814 8.25335 7.38858 8.58878 6.7789 6.5738 5.71158 5.53166 5.192 5.08733 6.66409 7.20165 4.83 8.11999 9.67885 7.64885 5.99708 10.5039 6.21468 8.09988 8.22881 7.3694 6.30244 5.91062 5.75681 6.91474
threshold=0.13624721114159255 65.745487818944525 17.617000000000004 1.0000000180025095e-35 8.8580000000000023 4287.0000000000009 232.67118647832271 0.54543681399934341 0.076028602893352795 59.76100000000001 167.50000000000003 73.951908128980506 252.741935483871 4755.5000000000009 0.010125557731303888 1.8607536499509496 12.500000000000002 101.50000000000001 0.25346330350276297 4.5000000000000009 0.15469618563498619 25.590193260799442 0.0034793500616213347 313.00000000000006 23434.000000000004 31.500000000000004 0.12102875540692762 0.1529903116065813 0.016969646165005393 552.09613600006799
decision_type=2 2 2 2 2 2 2 2 2 2 2 2 2 2 2 2 2 2 2 2 2 2 2 2 2 2 2 2 2 2
left_child=2 3 -1 -2 -5 9 -7 12 10 -6 -4 -3 -8 14 -12 -16 19 18 -18 28 -19 -22 23 25 -25 -23 -27 -26 -11 -30
right_child=1 11 8 4 5 6 7 -9 -10 16 13 -13 -14 -15 15 -17 17 20 -20 -21 21 22 -24 24 27 26 -28 -29 29 -31
leaf_value=0.13945372713857304 -0.14491905501160662 -0.030485031274213183 -0.065527011141212094 0.090332093394048241 -0.031181003351871885 -0.080149793942017877 0.12841622889540705 -0.10769643894800507 0.12699962365769543 0.0087775845297116649 -0.079846235562435794 -0.084201009905247468 -0.0070871128854759465 0.11778953650461071 0.11099409713447095 0.028936305792575917 0.079308669390243183 -0.095586448858208911 -0.063668937558886196 0.13237958973787187 0.07453299445271204 -0.065227550550138028 0.013375240110585171 -0.1458244171236607 0.010782119822005888 0.0015022869041184602 0.12909328332596079 -0.12888746376051216 0.0055245104136734035 0.13708340848815168
leaf_weight=12.623791001737116 4.8762621097266665 128.51290145504754 5.243555072695016 18.242848422494717 55.684927292692009 22.70434097875841 2.9834887409815556 8.5097890230827016 8.9271376989781839 205.19629372865893 4.8020123355090609 22.53248244151473 54.15693721245043 8.0416724025271815 12.59132928913459 71.025590422097594 5.4680500254034987 6.0566469242330632 35.300204871222377 5.5270590372383586 20.233911934541538 16.616486355662346 156.94304354197811 8.7300411704927701 11.829278178513048 84.570405398029834 4.057129029184579 4.0732009559869757 8.0163887245580536 7.9644648174289605
leaf_count=103 190 1862 38 381 2365 804 13 168 37 1750 29 484 426 78 146 701 39 32 360 25 120 169 954 84 76 487 13 17 84 52
internal_value=0 -0.0073067 0.0532811 -0.00100595 -6.12857e-05 -0.002337 -0.0309764 -0.0139704 0.0434482 0.00163998 0.0361144 -0.0384982 -1.20397e-05 0.0416396 0.0347138 0.0412929 0.00478792 -0.00251244 -0.044492 0.0161836 0.00295347 0.00489718 -1.53326e-05 -0.0161965 -0.0678166 -0.00411478 0.00734306 -0.0249923 0.0132799 0.0710902
internal_weight=0 898.787 123.255 747.741 742.865 724.622 88.3546 65.6502 110.631 636.268 101.704 151.045 57.1404 96.4606 88.4189 83.6169 580.583 353.878 40.7683 226.704 313.11 307.053 286.82 129.877 24.6325 105.244 88.6275 15.9025 221.177 15.9809
internal_count=12087 10955 1132 8609 8419 8038 1411 607 1029 6627 992 2346 439 954 876 847 4262 2351 399 1911 1952 1920 1800 846 177 669 500 93 1886 136
is_linear=0
shrinkage=0.1


Tree=5
num_leaves=31
num_cat=0
split_feature=33 19 30 7 10 10 29 14 30 2 32 1 37 37 31 4 41 16 38 2 38 35 32 10 34 10 32 7 16 17
split_gain=31.8438 12.9513 11.0113 10.4969 7.75548 8.52921 7.95843 8.16406 7.35968 5.75563 5.32523 5.10579 8.05367 6.79066 4.8849 5.4659 4.39861 4.34409 6.77028 6.77278 5.03025 4.57948 8.40872 6.85536 6.72783 7.51569 7.6104 5.92551 5.05911 4.60077
threshold=0.26082426303657663 65.745487818944525 5.0008476970895748 2795.5000000000005 1.0000000180025095e-35 9.7685000000000013 90.100000000000009 24.350078846587074 2.5698663036992113 1630671545500.0002 0.67413780578844862 204.50000000000003 2044.5000000000002 2316.5000000000005 0.32805798972584721 1839.5000000000002 4864.0000000000009 0.3091134749349877 535.50000000000011 1715209493000.0002 645.00000000000011 13.076882870854645 0.48382247038643539 2666.6000000000004 15.673196544247004 2442.5325000000007 0.32634042192105117 316.50000000000006 0.083951349329704814 0.037112345160883818
decision_type=2 2 2 2 2 2 2 2 2 2 2 2 2 2 2 2 2 2 2 2 2 2 2 2 2 2 2 2 2 2
left_child=3 2 -2 8 -4 -6 -7 -8 -1 -10 16 12 -12 -14 -11 -16 -3 21 -19 20 -20 29 24 -24 28 -26 -27 -28 -23 -9
right_child=1 10 4 -5 5 6 7 17 9 14 11 -13 13 -15 15 -17 -18 18 19 -21 -22 22 23 -25 25 26 27 -29 -30 -31
leaf_value=0.12420386160062953 0.10139931770781654 -0.013212527963678203 -0.13745714525206995 -0.0024164383626792607 0.066364674390900408 -0.035962839933542039 0.067216377932061019 -0.0049889252178375266 -0.087925962552192774 0.052535041890587442 -0.055315308023945568 -0.082590094034271491 0.17285956197810229 -0.023437674173176774 0.048457261244783854 -0.083206767305481585 -0.12795746760864196 -0.057587538520635945 0.06843366411958797 0.018220804089689662 -0.067812413678473904 0.028500161289823973 0.00026123111133757832 -0.16273514868856262 0.12929921675518061 -0.1165176560330204 -0.0612447403389123 0.069688650181183545 0.13148713237673512 0.071010919641495654
leaf_weight=12.137346050236372 9.9507820845465158 73.895652605220675 4.364877655170857 52.754603325389326 16.905934739770601 75.781213346985169 16.829021639656276 344.24399814335629 3.2816906534135333 117.39450041715463 23.257803531712856 35.844183661043644 3.2482585944235316 3.8524045401718467 6.7752555081970041 5.8976261917850934 3.4989699716679743 35.075683375238441 3.1523548266850439 46.373752686195076 19.303403083700687 7.8668405413627651 9.7332887891679984 3.5111403428018084 4.5452038440853384 5.2592351529747274 5.3608773611485949 9.7294082529842836 12.116488674655555 8.1540236603468639
leaf_count=125 271 883 193 313 315 2686 219 2580 21 1498 474 793 7 101 69 76 82 440 27 349 212 31 77 20 23 22 31 40 42 67
internal_value=0 -0.00907636 -0.00297159 0.0357968 -0.00462456 -0.00369531 -0.00564648 -0.00132198 0.0496532 0.0428677 -0.0362107 -0.0570322 -0.0268561 0.0663602 0.0461677 -0.0128157 -0.0184001 -0.00356416 -0.0218299 -0.0036077 -0.0486861 0.00105901 0.0270657 -0.0429496 0.0477287 0.013039 -0.0129286 0.0231741 0.0909442 -0.00323039
internal_weight=0 781.855 638.258 198.241 628.307 623.942 607.036 531.255 145.486 133.349 143.597 66.2027 30.3585 7.10066 130.067 12.6729 77.3946 514.426 103.905 68.8295 22.4558 410.521 58.1225 13.2444 44.8781 24.8947 20.3495 15.0903 19.9833 352.398
internal_count=12087 9985 7645 2102 7374 7181 6866 4180 1789 1664 2340 1375 582 108 1643 145 965 3961 1028 588 239 2933 286 97 189 116 93 71 73 2647
is_linear=0
shrinkage=0.1


end of trees

feature_importances:
v_frac_avg_watchtime_7_day_duration=18
v_duration=17
v_cr_click_long_view_7_days=10
v_cr_click_long_view_30_days=10
v_avg_watchtime_30_day=9
v_year_views=8
v_avg_watchtime_7_day=8
author_id=8
v_total_comments=7
v_frac_avg_watchtime_30_day_duration=7
v_long_views_30_days=7
v_pub_datetime=6
v_cr_click_like_30_days=6
city=5
v_day_views=5
v_frac_avg_watchtime_1_day_duration=5
v_category_popularity_percent_30_days=5
v_month_views=4
v_likes=4
v_category_popularity_percent_7_days=4
region=3
v_cr_click_dislike_7_days=3
v_cr_click_comment_30_days=3
v_long_views_7_days=3
v_week_views=2
v_cr_click_like_7_days=2
v_cr_click_vtop_7_days=2
v_cr_click_dislike_30_days=2
v_cr_click_long_view_1_days=2
v_dislikes=1
v_cr_click_vtop_30_days=1
v_cr_click_like_1_days=1
v_avg_watchtime_1_day=1
v_long_views_1_days=1

parameters:
[boosting: gbdt]
[objective: lambdarank]
[metric: map]
[tree_learner: serial]
[device_type: cpu]
[data_sample_strategy: bagging]
[data: ]
[valid: ]
[num_iterations: 100]
[learning_rate: 0.1]
[num_leaves: 31]
[num_threads: 1]
[seed: 4]
[deterministic: 0]
[force_col_wise: 0]
[force_row_wise: 0]
[histogram_pool_size: -1]
[max_depth: -1]
[min_data_in_leaf: 20]
[min_sum_hessian_in_leaf: 0.001]
[bagging_fraction: 1]
[pos_bagging_fraction: 1]
[neg_bagging_fraction: 1]
[bagging_freq: 0]
[bagging_seed: 17945]
[feature_fraction: 1]
[feature_fraction_bynode: 1]
[feature_fraction_seed: 386]
[extra_trees: 0]
[extra_seed: 27504]
[early_stopping_round: 0]
[first_metric_only: 0]
[max_delta_step: 0]
[lambda_l1: 0]
[lambda_l2: 0]
[linear_lambda: 0]
[min_gain_to_split: 0]
[drop_rate: 0.1]
[max_drop: 50]
[skip_drop: 0.5]
[xgboost_dart_mode: 0]
[uniform_drop: 0]
[drop_seed: 27159]
[top_rate: 0.2]
[other_rate: 0.1]
[min_data_per_group: 100]
[max_cat_threshold: 32]
[cat_l2: 10]
[cat_smooth: 10]
[max_cat_to_onehot: 4]
[top_k: 20]
[monotone_constraints: ]
[monotone_constraints_method: basic]
[monotone_penalty: 0]
[feature_contri: ]
[forcedsplits_filename: ]
[refit_decay_rate: 0.9]
[cegb_tradeoff: 1]
[cegb_penalty_split: 0]
[cegb_penalty_feature_lazy: ]
[cegb_penalty_feature_coupled: ]
[path_smooth: 0]
[interaction_constraints: ]
[verbosity: 1]
[saved_feature_importance_type: 0]
[use_quantized_grad: 0]
[num_grad_quant_bins: 4]
[quant_train_renew_leaf: 0]
[stochastic_rounding: 1]
[linear_tree: 0]
[max_bin: 255]
[max_bin_by_feature: ]
[min_data_in_bin: 3]
[bin_construct_sample_cnt: 200000]
[data_random_seed: 51]
[is_enable_sparse: 1]
[enable_bundle: 1]
[use_missing: 1]
[zero_as_missing: 0]
[feature_pre_filter: 1]
[pre_partition: 0]
[two_round: 0]
[header: 0]
[label_column: ]
[weight_column: ]
[group_column: ]
[ignore_column: ]
[categorical_feature: ]
[forcedbins_filename: ]
[precise_float_parser: 0]
[parser_config_file: ]
[objective_seed: 17345]
[num_class: 1]
[is_unbalance: 0]
[scale_pos_weight: 1]
[sigmoid: 1]
[boost_from_average: 1]
[reg_sqrt: 0]
[alpha: 0.9]
[fair_c: 1]
[poisson_max_delta_step: 0.7]
[tweedie_variance_power: 1.5]
[lambdarank_truncation_level: 30]
[lambdarank_norm: 1]
[label_gain: ]
[lambdarank_position_bias_regularization: 0]
[eval_at: 5,10]
[multi_error_top_k: 1]
[auc_mu_weights: ]
[num_machines: 1]
[local_listen_port: 12400]
[time_out: 120]
[machine_list_filename: ]
[machines: ]
[gpu_platform_id: -1]
[gpu_device_id: -1]
[gpu_use_dp: 0]
[num_gpu: 1]

end of parameters

pandas_categorical:[]
